========================================================================================================
(T1)   |R(alpha)|  <=  pi^6 N u^6 / (2160 (1 - u^2)) ,     u = c_max * alpha
========================================================================================================
content                            N  cmax   alpha   |R| actual        (T1)   slack (T1s) sharp   slack
[(1, 1, 1), (2, -1, 1)]            2     2    0.02    1.375e-09   3.652e-09     2.7   1.940e-09     1.4
[(1, 1, 1), (2, -1, 1)]            2     2    0.05    3.358e-07   8.992e-07     2.7   4.777e-07     1.4
[(1, 1, 1), (2, -1, 1)]            2     2   0.083    7.038e-06   1.915e-05     2.7   1.018e-05     1.4
[(1, 1, 1), (2, -1, 1)]            2     2    0.12    6.445e-05   1.805e-04     2.8   9.590e-05     1.5
[(1, 1, 2), (2, 1, 1), (3, 1,      4     3    0.02    5.662e-09   8.336e-08    14.7   2.547e-08     4.5
[(1, 1, 2), (2, 1, 1), (3, 1,      4     3    0.05    1.383e-06   2.075e-05    15.0   6.339e-06     4.6
[(1, 1, 2), (2, 1, 1), (3, 1,      4     3   0.083    2.895e-05   4.524e-04    15.6   1.382e-04     4.8
[(1, 1, 2), (2, 1, 1), (3, 1,      4     3    0.12    2.647e-04   4.452e-03    16.8   1.360e-03     5.1
[(1, -1, 3), (2, 1, 2)]            5     2    0.02    9.757e-10   9.130e-09     9.4   3.994e-09     4.1
[(1, -1, 3), (2, 1, 2)]            5     2    0.05    2.382e-07   2.248e-06     9.4   9.835e-07     4.1
[(1, -1, 3), (2, 1, 2)]            5     2   0.083    4.986e-06   4.788e-05     9.6   2.095e-05     4.2
[(1, -1, 3), (2, 1, 2)]            5     2    0.12    4.557e-05   4.513e-04     9.9   1.974e-04     4.3
[(1, 1, 1), (1, -1, 2), (2, 1,     5     3    0.02    5.697e-09   1.042e-07    18.3   2.573e-08     4.5
[(1, 1, 1), (1, -1, 2), (2, 1,     5     3    0.05    1.391e-06   2.593e-05    18.6   6.403e-06     4.6
[(1, 1, 1), (1, -1, 2), (2, 1,     5     3   0.083    2.913e-05   5.655e-04    19.4   1.396e-04     4.8
[(1, 1, 1), (1, -1, 2), (2, 1,     5     3    0.12    2.664e-04   5.566e-03    20.9   1.374e-03     5.2
[(2, -1, 2), (3, 1, 1)]            3     3    0.02    7.927e-09   6.252e-08     7.9   2.907e-08     3.7
[(2, -1, 2), (3, 1, 1)]            3     3    0.05    1.936e-06   1.556e-05     8.0   7.236e-06     3.7
[(2, -1, 2), (3, 1, 1)]            3     3   0.083    4.055e-05   3.393e-04     8.4   1.578e-04     3.9
[(2, -1, 2), (3, 1, 1)]            3     3    0.12    3.710e-04   3.339e-03     9.0   1.553e-03     4.2
[(1, 1, 4), (2, -1, 1), (3, 1,     7     3    0.02    1.178e-08   1.459e-07    12.4   4.683e-08     4.0
[(1, 1, 4), (2, -1, 1), (3, 1,     7     3    0.05    2.877e-06   3.631e-05    12.6   1.165e-05     4.1
[(1, 1, 4), (2, -1, 1), (3, 1,     7     3   0.083    6.025e-05   7.917e-04    13.1   2.541e-04     4.2
[(1, 1, 4), (2, -1, 1), (3, 1,     7     3    0.12    5.510e-04   7.792e-03    14.1   2.501e-03     4.5
[(1, 1, 3), (1, -1, 3), (2, 1,    12     3    0.02    1.412e-08   2.501e-07    17.7   5.969e-08     4.2
[(1, 1, 3), (1, -1, 3), (2, 1,    12     3    0.05    3.448e-06   6.224e-05    18.1   1.486e-05     4.3
[(1, 1, 3), (1, -1, 3), (2, 1,    12     3   0.083    7.220e-05   1.357e-03    18.8   3.239e-04     4.5
[(1, 1, 3), (1, -1, 3), (2, 1,    12     3    0.12    6.603e-04   1.336e-02    20.2   3.188e-03     4.8
[(1, -1, 6), (2, 1, 6), (3, 1,    15     3    0.02    1.844e-08   3.126e-07    17.0   8.877e-08     4.8
[(1, -1, 6), (2, 1, 6), (3, 1,    15     3    0.05    4.503e-06   7.780e-05    17.3   2.209e-05     4.9
[(1, -1, 6), (2, 1, 6), (3, 1,    15     3   0.083    9.428e-05   1.696e-03    18.0   4.817e-04     5.1
[(1, -1, 6), (2, 1, 6), (3, 1,    15     3    0.12    8.620e-04   1.670e-02    19.4   4.741e-03     5.5

  violations, (T1) : 0      (T1s) : 0      <-- both must be 0
  tightest slack, (T1) : 2.7 x     (T1s) : 1.4 x  -- the spectrum is worth that factor

========================================================================================================
(T2)   |dR/dalpha|  <=  pi^6 N c_max u^5 / (360 (1 - u^2))
========================================================================================================
content                               alpha   |R'| actual         bound     slack
[(1, 1, 1), (2, -1, 1)]                0.02     4.124e-07     1.096e-06       2.7
[(1, 1, 1), (2, -1, 1)]                0.05     4.031e-05     1.079e-04       2.7
[(1, 1, 1), (2, -1, 1)]               0.083     5.092e-04     1.385e-03       2.7
[(1, 1, 1), (2, -1, 1)]                0.12     3.228e-03     9.026e-03       2.8
[(1, 1, 2), (2, 1, 1), (3, 1, 1)]      0.02     1.699e-06     2.501e-05      14.7
[(1, 1, 2), (2, 1, 1), (3, 1, 1)]      0.05     1.659e-04     2.490e-03      15.0
[(1, 1, 2), (2, 1, 1), (3, 1, 1)]     0.083     2.094e-03     3.270e-02      15.6
[(1, 1, 2), (2, 1, 1), (3, 1, 1)]      0.12     1.325e-02     2.226e-01      16.8
[(1, -1, 3), (2, 1, 2)]                0.02     2.927e-07     2.739e-06       9.4
[(1, -1, 3), (2, 1, 2)]                0.05     2.859e-05     2.698e-04       9.4
[(1, -1, 3), (2, 1, 2)]               0.083     3.605e-04     3.462e-03       9.6
[(1, -1, 3), (2, 1, 2)]                0.12     2.279e-03     2.256e-02       9.9
[(1, 1, 1), (1, -1, 2), (2, 1, 1),     0.02     1.709e-06     3.126e-05      18.3
[(1, 1, 1), (1, -1, 2), (2, 1, 1),     0.05     1.670e-04     3.112e-03      18.6
[(1, 1, 1), (1, -1, 2), (2, 1, 1),    0.083     2.107e-03     4.088e-02      19.4
[(1, 1, 1), (1, -1, 2), (2, 1, 1),     0.12     1.333e-02     2.783e-01      20.9
[(2, -1, 2), (3, 1, 1)]                0.02     2.378e-06     1.876e-05       7.9
[(2, -1, 2), (3, 1, 1)]                0.05     2.324e-04     1.867e-03       8.0
[(2, -1, 2), (3, 1, 1)]               0.083     2.933e-03     2.453e-02       8.4
[(2, -1, 2), (3, 1, 1)]                0.12     1.857e-02     1.670e-01       9.0

  violations : 0   <-- must be 0

========================================================================================================
CONTROLS -- the bound must refuse, and the remainder must really blow up, at u >= 1
========================================================================================================
   c_max=3, alpha=0.30  ->  u = 0.900   bound = 1.245e+00   |R| actual = 1.932e-01
   c_max=3, alpha=0.33  ->  u = 0.990   bound = 2.106e+01   |R| actual = 3.505e-01
   c_max=3, alpha=0.34  ->  u = 1.020   OUT OF HYPOTHESIS, no bound claimed   |R| actual = 4.232e-01
   c_max=3, alpha=0.40  ->  u = 1.200   OUT OF HYPOTHESIS, no bound claimed   |R| actual = 1.215e+00

   and the tail itself, at u just under 1 -- the bound is finite but useless, as it must be:
      u = 0.9000   bound = 1.2449e+00
      u = 0.9600   bound = 4.4438e+00
      u = 0.9990   bound = 2.2132e+02

========================================================================================================
READ THE SLACK BEFORE USING THIS.  The bound is uniform in the content -- it knows only
N and c_max -- so it pays for that with a factor of order 10^2-10^3 on any single case.
It is a BOUND, not an estimate: the estimate is (A_6 + 3 B_6) x^6 / 8640, which is sharp
and is not rigorous.  The two are different objects and the paper must not mix them.
========================================================================================================
